10.0 0.3178040852727312 5.0 0.9090909090909091 0.9090909090909091
0.0 -0.9984109795736363 0.0 0.0 0.0
0.36394148972100304 0.023069060805823265 0.5280202107020492 -0.001215247543655332 0.6406349771206055 0.0034785693717830786 0.01752071404317862 0.0135343123551472 0.5567474197523061 0.5831356411307486 -0.0034214356286850094 0.0020967358469474577 0.00310404713604951 -0.006162252362664007 0.0027442759371414005 0.4565253640756583 0.011964347136249184 0.07728975843905195 -0.0017863373336186657 0.018587856639994207 0.0029457493899919546 -0.0002234965803647911 -0.13586154604451 0.023729474534775218 0.033054081392155536 -4.310509661576719e-05 -0.0048124953675458115 -0.47764268571892154 0.0035181558272543087 0.04007721945738236 -0.6616712556490002 0.0034088848355137507 0.003485824333018353 0.6046409627957433 -0.65891961223991 0.001797054820861381 -0.671341960473035 -0.3192710474615175 -0.0009798962187917333 -0.004420186690304926 -0.004542045714916207 -0.023186168209971197 0.004073452035180004 0.005162978355139707 -0.00790540881584613 -0.6481145157502481 0.5771910653763254 0.550528687934071 -0.007672763755359595 0.04992032331675828 0.00036534237787610714 0.5710303290061299 0.002574437992162342 -0.012224348663085449 -0.10907033303385338 -0.0003383828155152736
-0.20086290579376992 -0.620381718704723 0.015347553567530578 -2.1033894756020577 -0.07988621768151234 -1.1669145732093957 -0.5518737681188745 -0.23113204441869659 -0.06088716432349683 -0.05578282577326072 -1.957429750694729 1.1293877219892503 1.826115856545904 -0.2586432659089309 -0.8280453860825412 0.08240049900976658 -0.9895911109420285 0.7822705243646992 -2.075245669080961 -0.9433291560032279 -1.706015933993484 -0.8704213715815873 -0.5648419556270501 2.7805008873429258 -1.1650495548886413 -1.818697212025114 1.17412773498634 -0.12760562698417371 1.6907198942728998 0.06793000402635814 0.18262733096820954 2.1607603171559018 1.9063574427522763 0.05245748973423556 -0.06093727833627331 -1.0841778030632805 -0.10901262035121277 -0.06082458572174778 -1.7722630720803363 0.9115313497322222 -2.1169044210674453 -0.670432634169772 2.1701535381417467 1.5978023454869024 -2.4795402505629873 0.05032524327137643 0.037563796577624854 0.13847686899508224 -0.6617283668153079 0.5451484245003693 1.9728234403526046 0.0037976336487286744 1.5775890147538725 -0.7625763634066443 0.4381356347188753 1.998216022522703
-0.03707112752091847 0.06438784414325657 0.009586744270328426 0.0043911445358195975 0.0253141365012604 -0.07099397418731691 0.04664725838665987 0.04843285887207056 -0.05312393971403202 0.04975270699974213 -0.00544355326509518 -0.0009180003805812881 0.027680081267644888 -0.01981368537109761 0.022930747914834272 -0.1059172808546875 0.07452822533755325 0.023408467337376462 -0.004072525290064433 -0.013855044569832912 0.030361432975160235 0.018079527261094363 -0.02676149343656433 5.450217519541241e-05 -0.007781495157929172 0.006944789382757844 0.017018863346273963 -0.0567088231688778 0.009663424251966915 0.24845401865631636 0.0045966253879135555 -0.0008032157563846943 0.006653199584256474 0.012320184273517549 -0.005025314167242074 0.04039629306504433 0.10078663280757472 -0.0326321384770676 0.0074930600008642064 -0.02199902264777799 0.03907048755881588 0.0027008097145820127 0.005217869605218096 0.005991657233101112 0.008413338564151386 0.0047860180460469375 0.012209131598728218 0.024651032619214454 0.008459574569778264 0.08461745296999015 -0.011348231040800417 0.002020164645181857 0.03463387426851335 -0.025094915749603583 0.0336139079749677 -0.010362557936728252
0.002213267961173879 0.2564653399796969 -0.05127089556929268 -0.2008700862204015 -0.10766551527339101 0.4001661428918538 -0.4084863743191306 0.5076220048189328 -0.0957195888046131 -0.016405544165402068 -0.2067969156116481 0.4365247830071114 0.020533511015477346 0.5653928346933791 -0.5529596350260572 -0.04445591355575562 -0.13493410821785928 0.22213756454186276 0.12663217657864842 -0.08236104403303461 -0.14880257872857358 0.4484316471721362 -0.1894203049620782 -0.12604549070675447 -0.23835273738468082 -0.09400599634609119 -0.033432594820359346 -0.005696315558214138 -0.0876537407184761 0.00997448719096754 0.02196350385400468 0.3175882396509533 -0.2929381670950333 -0.05711410869501631 0.04845759460268082 0.13524486407971137 0.1223552194481504 -0.08282616102841318 0.1875213317388403 -0.5911354108637163 0.6282466937899172 0.48708148555215103 -0.11661155300151733 -0.8963531075322005 -0.8077208413647128 -0.0118084137459003 -0.055573300839229 -0.09120456938132084 -0.5045307112873431 0.0781010547872225 -0.2514366050960381 -0.03524242131450951 0.09817230122501308 0.509929078574493 0.19909782885921112 0.2691904756267936
-0.3789115113043689 -0.28464409408316194 -0.004704319543811601 0.18967758306690347 -0.13136185632853817 -0.12534113538944877 0.24370094325832897 -0.22318802521946304 0.0939298129838753 0.029363426102628157 0.09328400531216714 0.4107460841698921 0.44909081201768075 0.2319094995939546 0.24387991230162587 -0.05517787113906393 0.1300893848032042 0.10799005215702875 0.34604867108662324 -0.5039960783870808 -0.3539154910067329 0.4892405710134726 0.004726371527907148 1.528991087081967 -0.20069721144655236 -0.1944750552838203 0.6107413766847652 -0.1789829422813942 -0.1747899302822748 -0.04222296645967818 -0.012656067684181425 0.03232140702268049 0.026437183272538665 -0.03491731282183129 0.05587360036124143 0.28394636770580833 0.11627397032854593 0.17892177790192185 -0.0778971976962506 -0.15746343027322973 0.46252540059364455 0.028202131320464133 0.2822780696224445 0.1123872176201571 -0.2840256761617544 -0.06146711037209357 -0.022531869046733013 -0.035274434940534075 0.06367980365924757 -0.003010702930230128 -0.11809141206101921 -0.03280064530014039 0.3015456886841095 -0.22818114723873423 0.06909541331575489 -0.014874621719455056
1.904380149420407 -1.5755780613282742 2.6164233986841863 -1.8369736813366904 2.2488623457830603 1.898572012350719 1.5227223795489926 -1.7045897265423413 2.174852071505676 1.7635473567747468 0.44586406549156427 -1.403578970591018 -2.033907021758312 1.8065884927147635 0.23213987348425374 2.0224283351444603 1.2626242189128762 1.4274286722536182 2.028626253428781 2.1037462357926047 1.6322592832974938 1.3604389007709357 -1.8031429002973667 4.050593235729191 -1.738465436790204 -0.18772650634242205 -1.4183317044982047 -1.8367229177372781 0.22172832548715551 -2.277096232569145 -2.2116838299977695 -1.3269336644236105 1.0120237687733864 2.59612104830079 -2.407150968303491 -1.4637559797864848 -2.5189585722963974 -1.6957354570517136 0.4717436500692005 1.958119886561553 2.473690397966756 1.5115550377743334 1.9098105868455098 0.8166431034655386 2.603592216785254 -2.325408061519888 2.4897850643497876 2.775064080613139 1.1792850762528784 1.236534856502093 -1.2736356462499299 -0.3731381227525593 -1.3618931728404593 -1.5251136849085734 1.3173293667283315 1.037592499161317
0.2127679933160389 0.4696989311746019 0.03685324204817652 0.9152092619141756 -0.21470035032864632 -0.4214941288611369 0.3126827718593555 -0.39927546405573927 0.1757785580780361 0.2830737212541184 -1.4325321998355591 -0.5517604291496047 0.425989148219283 0.3366804371742369 0.20323063734503 -0.3075481845406272 0.538419692656577 0.5720916393842683 0.5719768389410373 -0.3071046580255465 -0.5089318270977274 -0.3924541864333528 -0.35552669772044776 0.06412991004213152 -0.4501089917063176 1.3344109544223428 -0.3537517672488782 0.32486729409059717 1.7054424101950751 0.20791135052420398 0.2595698095483354 0.9706721897566214 1.140341885652646 0.06715641319997045 -0.11602649197873705 0.6478282361131068 -0.10795678049503367 0.4197619495355948 1.7521010549587444 -0.4571571562665044 0.16049223324126932 -0.49324759763319714 0.8661473096556745 -0.11086508101481395 -0.1534074782906226 -0.17255815676534897 0.04898576113269226 -0.08874076131569142 0.4655378831235878 0.4197522672309681 -1.092920771120437 -0.010200793522800879 0.6890219764580268 0.5019609836823165 0.4661582209064694 -1.018195945528689
10.292043419498846 -6.634653737171904 20.38845897257187 23.60883130401003 17.86690335584368 -9.073570424080303 13.167590934071896 14.38874087633794 15.808635172922573 16.925787023193354 -38.12440297040602 -9.420692093540614 10.983015405879609 7.720215977542162 7.328779112548114 19.469253964987374 13.578145808882072 8.445818964465312 11.285398419676925 7.059172665932496 -11.53094286958563 -8.78667610264178 -18.620732804715914 0.48574759098243675 -18.25402707778908 32.21137971477064 -0.7701055030401328 -11.596640784275701 41.15568274075652 -16.16078510689104 -18.94305482758747 25.81074361497668 28.14170071851048 20.044553691692386 -16.989503727261237 19.440917045682863 -18.621736969695025 -11.98780225156043 45.30555738938639 -8.835910877164146 3.5662394519917595 -3.3070039954462804 20.35692962549077 -3.313460027444922 -4.862254397036872 -17.833489877841952 19.736240777005992 21.07280213707108 14.830464219312367 15.595827153240796 -27.533157444003052 45.58223117681987 11.831341975704817 13.984225191152841 8.929693154616954 -24.133678685635584
-0.2203092147043015 20.73354120894058
